0.480565 -0.87665 0.0232866 0.687383 0.876925 0.48061 -0.00401009 0.55236 -0.0076763 0.0223477 0.999721 0.786151
0.478683 -0.87775 0.0204598 1.0843 0.877971 0.478688 -0.00496788 1.31756 -0.0054333 0.0203412 0.999778 0.789271
0.477284 -0.878556 0.0184031 1.48391 0.878745 0.477243 -0.00686302 2.09038 -0.00275319 0.0194472 0.999807 0.792309
0.475569 -0.879562 0.0143053 1.88358 0.879678 0.475521 -0.0068145 2.87529 -0.000808696 0.0158249 0.999874 0.796768
0.474329 -0.880248 0.0132121 2.29064 0.880347 0.474292 -0.00604467 3.66802 -0.000945582 0.0144984 0.999894 0.801038
0.472888 -0.881008 0.0142354 2.70172 0.881119 0.472871 -0.00474069 4.4689 -0.00255493 0.0147849 0.999887 0.806378
0.471519 -0.881732 0.0147828 3.11849 0.881847 0.471523 -0.00340713 5.27388 -0.00396623 0.0146427 0.999885 0.810343
0.470459 -0.882287 0.0154489 3.53457 0.882411 0.47047 -0.00315605 6.08519 -0.00448371 0.0151171 0.999876 0.812694
0.468958 -0.883093 0.0150211 3.95423 0.883212 0.468959 -0.0036732 6.89847 -0.0038005 0.0149894 0.99988 0.814863
0.468012 -0.88358 0.0158237 4.37488 0.883718 0.467989 -0.00541075 7.71484 -0.00262447 0.016516 0.99986 0.817336
0.467262 -0.883958 0.016851 4.80065 0.88411 0.467258 -0.00440531 8.53862 -0.00397967 0.0169566 0.999848 0.819431
0.467129 -0.884019 0.0173616 5.22646 0.884154 0.467196 -0.000274735 9.3709 -0.00786838 0.0154786 0.999849 0.824215
0.467689 -0.8837 0.0184801 5.65577 0.883817 0.467821 0.00335548 10.2054 -0.0116106 0.0147637 0.999824 0.829594
0.468863 -0.88303 0.0206372 6.09015 0.883155 0.469052 0.00525927 11.0425 -0.014324 0.01576 0.999773 0.830151
0.470097 -0.882356 0.021373 6.52613 0.882479 0.470312 0.00615442 11.8824 -0.0154824 0.015968 0.999753 0.826578
0.47122 -0.881788 0.02003 6.96362 0.881917 0.471386 0.00429228 12.7239 -0.0132268 0.0156422 0.99979 0.821779
0.472196 -0.881337 0.0166164 7.40325 0.881456 0.472266 0.000316469 13.5698 -0.0081263 0.0144972 0.999862 0.818354
0.473348 -0.880743 0.0152862 7.8479 0.880864 0.47336 -0.00306271 14.4199 -0.00453841 0.0149148 0.999878 0.816413
0.474016 -0.880337 0.0177972 8.29934 0.880499 0.474035 -0.00340213 15.2772 -0.00544148 0.0172831 0.999836 0.817318
0.47371 -0.880411 0.0217918 8.75434 0.880621 0.473821 -0.000107113 16.1416 -0.0102311 0.0192411 0.999763 0.817324
0.472828 -0.880752 0.026643 9.21115 0.881038 0.47304 0.00194493 17.0091 -0.0143162 0.0225539 0.999643 0.816696
0.471953 -0.880993 0.0333507 9.67444 0.881509 0.472164 -0.00172676 17.872 -0.0142257 0.0302139 0.999442 0.811428
0.470705 -0.881635 0.0340171 10.132 0.882231 0.470771 -0.00652686 18.7391 -0.01026 0.0330832 0.9994 0.804012
0.469498 -0.882378 0.0313101 10.5853 0.882914 0.469427 -0.0100568 19.6134 -0.0058239 0.0323657 0.999459 0.800793
0.467851 -0.883298 0.0300035 11.048 0.883797 0.467738 -0.0111058 20.5114 -0.004224 0.0317128 0.999488 0.810378
0.466834 -0.883798 0.0311064 11.5311 0.884322 0.466785 -0.0092602 21.4529 -0.00633585 0.0318311 0.999473 0.843714
0.465799 -0.884386 0.0298722 12.0047 0.884841 0.465866 -0.00510241 22.3858 -0.0094039 0.0288088 0.999541 0.869326
0.464629 -0.884993 0.030127 12.4793 0.885444 0.464729 -0.00401181 23.3171 -0.0104505 0.0285398 0.999538 0.893115
0.463646 -0.885495 0.0305236 12.95 0.885931 0.463814 -0.00173826 24.2393 -0.0126181 0.0278478 0.999533 0.907744
0.463423 -0.885526 0.0329029 13.4214 0.885985 0.463712 0.00131853 25.1648 -0.0164251 0.0285404 0.999458 0.922032
0.462932 -0.885929 0.0286987 13.8775 0.886209 0.463255 0.00543462 26.0824 -0.0181095 0.0229172 0.999573 0.926075
0.462953 -0.885937 0.0281228 14.3367 0.886189 0.463282 0.00620278 26.9983 -0.0185241 0.0220505 0.999585 0.929701
0.46288 -0.885992 0.0275842 14.794 0.886261 0.463164 0.00460866 27.9021 -0.0168593 0.0223135 0.999609 0.927813
0.463145 -0.885952 0.0242028 15.2441 0.88617 0.463349 0.00327668 28.8037 -0.0141173 0.0199302 0.999702 0.930567
0.462366 -0.886363 0.0240424 15.6975 0.886582 0.462561 0.00300533 29.6981 -0.0137849 0.019926 0.999706 0.937362
0.461154 -0.886922 0.0265771 16.1532 0.887189 0.461394 0.00338187 30.5905 -0.0152619 0.0220193 0.999641 0.941707
0.460352 -0.88733 0.0268639 16.6016 0.887589 0.460617 0.00431695 31.4815 -0.0162045 0.0218567 0.99963 0.948389
0.460141 -0.887535 0.0235066 17.0411 0.887731 0.460346 0.00388124 32.3668 -0.0142659 0.0190816 0.999716 0.953403
0.459651 -0.887864 0.0204658 17.4779 0.888053 0.45974 -0.000399462 33.2451 -0.00905427 0.0183583 0.99979 0.955971
0.459248 -0.888094 0.019517 17.919 0.888273 0.459314 -0.00121411 34.1238 -0.0078862 0.017894 0.999809 0.957953
0.458886 -0.888239 0.0213241 18.3627 0.888427 0.459015 0.00132014 35.0022 -0.0109607 0.0183392 0.999772 0.967194
0.458531 -0.88832 0.0252141 18.8046 0.888568 0.458737 0.00272737 35.875 -0.0139894 0.0211538 0.999678 0.971197
0.458249 -0.888417 0.0268981 19.2429 0.888697 0.458485 0.00300995 36.7438 -0.0150065 0.022525 0.999634 0.973709
0.458141 -0.888401 0.0291571 19.6793 0.888766 0.45836 0.000960606 37.604 -0.0142179 0.0254737 0.999574 0.973147
0.457725 -0.888543 0.0313008 20.1201 0.889006 0.45789 -0.00209638 38.4633 -0.0124696 0.0287862 0.999508 0.971766
0.456669 -0.889023 0.0330363 20.5542 0.88954 0.456852 -0.00220577 39.3199 -0.0131317 0.0303944 0.999452 0.970756
0.455556 -0.889412 0.0376093 20.9914 0.890038 0.455886 0.000222034 40.1799 -0.017343 0.0333726 0.999292 0.967441
0.454854 -0.889582 0.0418448 21.4222 0.890275 0.455403 0.0041447 41.0418 -0.0227433 0.0353682 0.999116 0.959498
0.454281 -0.889879 0.0417669 21.8435 0.890507 0.45492 0.00677398 41.8982 -0.0250286 0.0341165 0.999104 0.951163
0.453043 -0.890625 0.0392323 22.2634 0.891203 0.453573 0.00535717 42.7429 -0.022566 0.0325369 0.999216 0.944715
0.45201 -0.891361 0.0341054 22.6794 0.891895 0.452241 -0.00105802 43.5713 -0.0144808 0.0308967 0.999418 0.938101
0.451231 -0.891887 0.0304644 23.0923 0.892368 0.45127 -0.00598573 44.3911 -0.00840908 0.0298864 0.999518 0.936414
0.450045 -0.892618 0.0263001 23.4928 0.892959 0.450128 -0.00301713 45.2123 -0.00914528 0.0248428 0.99965 0.938926
0.449159 -0.893112 0.0246607 23.8914 0.893373 0.449315 0.000907575 46.0211 -0.011891 0.0216235 0.999695 0.94682
0.447878 -0.893798 0.0230344 24.282 0.893989 0.448072 0.00382902 46.8175 -0.0137435 0.0188776 0.999727 0.954812
0.446794 -0.894354 0.0225002 24.6674 0.894544 0.446968 0.00311507 47.5989 -0.0128428 0.0187356 0.999742 0.957389
0.445318 -0.895111 0.0216298 25.0441 0.89527 0.445503 0.00440795 48.3706 -0.0135817 0.0174016 0.999756 0.960047
0.443951 -0.895809 0.020807 25.4145 0.895938 0.444144 0.00553715 49.1305 -0.0142016 0.0161836 0.999768 0.964798
0.442482 -0.896523 0.0213889 25.7802 0.89665 0.442695 0.00631708 49.8785 -0.0151322 0.0163832 0.999751 0.968374
0.441153 -0.897158 0.0221658 26.1406 0.897293 0.441385 0.00668022 50.6158 -0.0157769 0.0169423 0.999732 0.969631
0.439833 -0.897828 0.0212625 26.4907 0.897899 0.440096 0.009632 51.3425 -0.0180054 0.0148552 0.999728 0.971254
0.438648 -0.898394 0.0218323 26.8357 0.898378 0.438989 0.0143436 52.0623 -0.0224703 0.0133219 0.999659 0.971229
0.436914 -0.899266 0.020642 27.1766 0.89917 0.437262 0.0171682 52.7639 -0.0244647 0.0110597 0.99964 0.974706
0.435588 -0.899999 0.0162684 27.4999 0.899898 0.435821 0.015592 53.4473 -0.0211229 0.00784821 0.999746 0.978662
0.434618 -0.900536 0.0119226 27.8157 0.90051 0.434731 0.00955262 54.1105 -0.0137856 0.00658466 0.999883 0.982915
0.43336 -0.901165 0.0100176 28.123 0.901184 0.433416 0.00419068 54.7565 -0.0081183 0.00721165 0.999941 0.984132
0.432949 -0.901381 0.00827237 28.4211 0.901401 0.43298 0.00234436 55.3892 -0.00569494 0.00644174 0.999963 0.989622
0.432221 -0.901735 0.00770757 28.7087 0.901725 0.432268 0.00607215 56.006 -0.00880721 0.00432559 0.999952 1.00145
0.431014 -0.902307 0.00832684 28.99 0.902265 0.43108 0.0093422 56.6023 -0.0120191 0.0034864 0.999922 1.01887
0.429868 -0.902842 0.00952912 29.2652 0.902843 0.42993 0.00580331 57.1747 -0.00933633 0.00610865 0.999938 1.03077
0.42986 -0.902785 0.0141517 29.5381 0.902884 0.429881 -0.00172662 57.7261 -0.00452479 0.0135196 0.999898 1.04014
0.430764 -0.902334 0.0153412 29.7988 0.902464 0.430681 -0.00849074 58.2623 0.00105433 0.0175024 0.999846 1.05235
0.433308 -0.901141 0.0137773 30.0488 0.901244 0.433224 -0.00870676 58.7907 0.00187737 0.0161894 0.999867 1.06466
0.436694 -0.899553 0.0101459 30.2913 0.899609 0.436682 -0.00348129 59.3102 -0.00129892 0.0106476 0.999942 1.07885
0.440705 -0.897562 0.0127338 30.5377 0.89764 0.440727 -0.00119749 59.81 -0.0045373 0.0119581 0.999918 1.08959
0.445267 -0.895205 0.0185749 30.7903 0.895356 0.44535 0.000340282 60.2928 -0.00857696 0.0164797 0.999827 1.1015
0.452154 -0.891609 0.0243031 31.0384 0.891845 0.452335 0.00226452 60.763 -0.0130122 0.0206507 0.999702 1.114
0.461278 -0.88698 0.0221267 31.2754 0.88716 0.461451 0.00315721 61.2188 -0.0130108 0.0181736 0.99975 1.12192
0.474135 -0.880286 0.0170924 31.5029 0.880356 0.474281 0.0055673 61.6665 -0.0130074 0.0124077 0.999838 1.12864
0.489774 -0.871752 0.0130602 31.7353 0.871736 0.489897 0.00877715 62.0969 -0.0140496 0.00708621 0.999876 1.13385
0.508188 -0.861129 0.0141989 31.9802 0.861115 0.508329 0.00909049 62.5036 -0.0150458 0.0076072 0.999858 1.13634
0.529879 -0.847886 0.0178119 32.2342 0.847909 0.530073 0.00855287 62.89 -0.0166935 0.0105709 0.999805 1.14045
0.553939 -0.832316 0.0200388 32.4944 0.832341 0.554183 0.00946649 63.2625 -0.0189843 0.0114352 0.999754 1.14371
0.580416 -0.81404 0.0213811 32.7621 0.814039 0.580705 0.0110241 63.6225 -0.0213902 0.0110065 0.999711 1.14585
0.609773 -0.792268 0.0221172 33.0408 0.792239 0.61009 0.0121427 63.9652 -0.0231138 0.0101178 0.999682 1.14578
0.641585 -0.766729 0.0222424 33.329 0.766673 0.64191 0.0128038 64.2925 -0.0240947 0.00883793 0.999671 1.14335
0.675202 -0.737279 0.0228317 33.6293 0.737202 0.675542 0.0132873 64.5981 -0.0252202 0.00786001 0.999651 1.1424
0.710393 -0.703498 0.0208086 33.9386 0.703373 0.710682 0.0140418 64.8801 -0.0246667 0.004661 0.999685 1.14387
0.747152 -0.664378 0.0191339 34.2594 0.664251 0.747392 0.0132648 65.1378 -0.0231134 0.00279893 0.999729 1.14428
0.784168 -0.620273 0.0185068 34.5906 0.620148 0.784384 0.012545 65.369 -0.0222978 0.00163962 0.99975 1.14057
0.82016 -0.571861 0.0176762 34.9304 0.571728 0.82035 0.0123397 65.5739 -0.0215572 -1.45333e-05 0.999768 1.13385
0.854501 -0.519177 0.0168189 35.2777 0.519048 0.854666 0.0116326 65.7518 -0.020414 -0.00121026 0.999791 1.12626
0.886216 -0.462951 0.017243 35.634 0.462865 0.886384 0.00890949 65.8986 -0.0194086 8.54516e-05 0.999812 1.12061
0.91411 -0.40509 0.0174733 35.9941 0.405008 0.914277 0.00817745 66.0224 -0.019288 -0.000398272 0.999814 1.119
0.938021 -0.346022 0.0196061 36.3607 0.345923 0.938226 0.00834818 66.1231 -0.0212836 -0.00104857 0.999773 1.11671
0.957908 -0.286232 0.021983 36.7351 0.286058 0.958152 0.0107739 66.201 -0.0241469 -0.00403206 0.9997 1.11046
0.973808 -0.226135 0.0236832 37.1105 0.225932 0.974082 0.010957 66.2537 -0.0255472 -0.00531921 0.999659 1.1024
0.985751 -0.166518 0.0237963 37.4895 0.166369 0.98603 0.00810082 66.276 -0.0248128 -0.00402643 0.999684 1.09339
0.993769 -0.108801 0.0241835 37.8657 0.108776 0.994063 0.00235731 66.275 -0.0242964 0.000287963 0.999705 1.08574
0.998289 -0.0534752 0.0236633 38.2399 0.0533979 0.998566 0.00388742 66.2617 -0.0238372 -0.0026172 0.999712 1.08087
0.999726 0.000700234 0.0233924 38.6164 -0.000901151 0.999963 0.00857954 66.2361 -0.0233855 -0.00859827 0.99969 1.07456
0.998427 0.0513613 0.0225048 38.9927 -0.0516055 0.998613 0.0104046 66.1903 -0.0219392 -0.0115496 0.999693 1.06759
0.995 0.0975045 0.0216142 39.3629 -0.0976229 0.995213 0.00449212 66.1164 -0.0210727 -0.0065797 0.999756 1.05982
0.989938 0.139744 0.0222327 39.7357 -0.139551 0.990164 -0.0100372 66.0154 -0.0234167 0.00683357 0.999702 1.04826
0.983969 0.176771 0.0236049 40.1065 -0.176421 0.984182 -0.016183 65.9121 -0.0260923 0.0117592 0.99959 1.03877
0.977418 0.210212 0.0215639 40.4807 -0.209961 0.977619 -0.013331 65.8152 -0.0238836 0.00850241 0.999679 1.03167
0.970272 0.241178 0.0201108 40.8576 -0.241197 0.970475 -0.00154721 65.7214 -0.0198902 -0.00334945 0.999797 1.03175
0.962809 0.269513 0.0190298 41.2351 -0.269661 0.962939 0.00564699 65.6101 -0.0168026 -0.0105686 0.999803 1.03526
0.955514 0.294455 0.0169702 41.6161 -0.294583 0.95561 0.00549768 65.4744 -0.0145981 -0.0102522 0.999841 1.03419
0.94818 0.317448 0.0134872 41.9973 -0.317486 0.948263 0.000724108 65.3199 -0.0125595 -0.00496857 0.999909 1.02984
0.94152 0.336934 0.00383876 42.3834 -0.336915 0.941523 -0.00477382 65.1482 -0.00522274 0.00320131 0.999981 1.01004
0.934693 0.35543 -0.00438652 42.7785 -0.355446 0.93469 -0.00358807 64.9785 0.00282473 0.00491292 0.999984 0.99185
0.928186 0.372088 -0.00458592 43.1922 -0.372094 0.928195 -0.000557145 64.8032 0.00404932 0.00222353 0.999989 0.986745
0.922286 0.386504 0.00167935 43.6208 -0.386505 0.922287 0.000442812 64.6144 -0.0013777 -0.00105748 0.999999 0.992418
0.91649 0.400022 0.00527562 44.0513 -0.400023 0.916505 -0.000873649 64.4093 -0.00518461 -0.00130968 0.999986 0.997893
0.910944 0.412478 0.00659334 44.4871 -0.412463 0.910967 -0.00353964 64.1908 -0.00746634 0.000504901 0.999972 1.00008
0.90594 0.423367 0.00577645 44.9295 -0.423326 0.90595 -0.00711225 63.9592 -0.00824427 0.00399795 0.999958 0.997959
0.901426 0.432916 0.0038176 45.3833 -0.432865 0.901407 -0.00966894 63.7174 -0.00762704 0.00706333 0.999946 0.995903
0.897647 0.44071 0.00223751 45.8502 -0.440661 0.897604 -0.01123 63.4668 -0.00695757 0.00909459 0.999934 0.994282
0.894941 0.446182 0.00121058 46.3314 -0.446134 0.894878 -0.0125573 63.2062 -0.00668617 0.010698 0.99992 0.991132
0.892315 0.451414 -0.000414951 46.8263 -0.451379 0.892233 -0.0132829 62.9376 -0.00562584 0.0120398 0.999912 0.985532
0.889428 0.457074 -0.00139389 47.3387 -0.457051 0.889345 -0.0130421 62.6585 -0.00472156 0.0122371 0.999914 0.978197
0.887265 0.461253 -0.00249977 47.8678 -0.461235 0.88715 -0.0150448 62.366 -0.00472177 0.0145017 0.999884 0.973062
0.885608 0.464423 -0.00316325 48.4058 -0.464408 0.885466 -0.0165855 62.0597 -0.00490176 0.0161573 0.999857 0.966927
0.883972 0.467527 -0.00332678 48.9622 -0.467509 0.883812 -0.0176289 61.7453 -0.00530173 0.0171387 0.999839 0.961904
0.882472 0.470351 -0.0035266 49.5306 -0.470327 0.882283 -0.0192181 61.4168 -0.00592781 0.0186181 0.999809 0.955941
0.881764 0.471659 -0.00544906 50.112 -0.471651 0.881479 -0.0232392 61.0787 -0.00615774 0.0230615 0.999715 0.949504
0.881821 0.47153 -0.00713158 50.7051 -0.471541 0.881437 -0.0267935 60.73 -0.00634791 0.02699 0.999616 0.941576
0.882598 0.470059 -0.00803764 51.3179 -0.470084 0.882156 -0.0286666 60.3778 -0.00638456 0.0290795 0.999557 0.934213
0.884037 0.467319 -0.00953922 51.9468 -0.467379 0.883523 -0.03073 60.0211 -0.0059326 0.0316249 0.999482 0.927557
0.885769 0.464022 -0.00985964 52.5925 -0.464089 0.885224 -0.0316099 59.6579 -0.00593969 0.0325748 0.999452 0.921297
0.88752 0.460681 -0.00907652 53.2578 -0.460709 0.886911 -0.0336883 59.2938 -0.00746949 0.0340807 0.999391 0.918842
0.889304 0.457249 -0.0078632 53.9376 -0.457232 0.888677 -0.0345282 58.9273 -0.00880015 0.0343014 0.999373 0.916902
0.891152 0.45368 -0.00465068 54.637 -0.453572 0.8906 -0.0332324 58.5608 -0.010935 0.0317246 0.999437 0.912552
0.892964 0.450118 -0.00308567 55.3426 -0.449967 0.89244 -0.0328716 58.1927 -0.0120423 0.0307416 0.999455 0.907053
0.894754 0.446551 -0.0026992 56.0579 -0.44642 0.894306 -0.0304281 57.8258 -0.0111738 0.0284306 0.999533 0.903464
0.896258 0.443509 -0.00452746 56.7773 -0.44346 0.895881 -0.0272158 57.4606 -0.00801441 0.0264002 0.999619 0.9024
0.896887 0.4422 -0.0073302 57.5032 -0.442255 0.896671 -0.0197674 57.0987 -0.00216837 0.020971 0.999778 0.901565
0.896741 0.44247 -0.00868852 58.2318 -0.442555 0.896597 -0.016114 56.7299 0.000660128 0.0182952 0.999832 0.901065
0.896771 0.442427 -0.0077292 58.9636 -0.442494 0.896664 -0.0138651 56.3594 0.000796214 0.0158539 0.999874 0.908318
0.896735 0.44255 -0.00391315 59.6976 -0.442563 0.896651 -0.0124756 55.989 -0.00201234 0.0129191 0.999915 0.919614
0.896665 0.442693 -0.00372975 60.427 -0.442701 0.896569 -0.013429 55.6146 -0.00260096 0.0136925 0.999903 0.928281
0.896743 0.442549 -0.00169503 61.1571 -0.442536 0.896669 -0.012117 55.241 -0.0038425 0.011616 0.999925 0.93772
0.8966 0.442841 -0.000802178 61.8848 -0.442823 0.896545 -0.0106759 54.8661 -0.00400853 0.00992723 0.999943 0.950379
0.896632 0.442777 -0.000283848 62.6115 -0.442764 0.896602 -0.00809987 54.4965 -0.00333193 0.00738828 0.999967 0.959222
0.896103 0.443845 0.000117461 63.3369 -0.443839 0.896093 -0.00494368 54.1268 -0.00229949 0.00437792 0.999988 0.967534
0.894887 0.446291 0.0015705 64.0621 -0.446287 0.894887 -0.00238076 53.7573 -0.00246793 0.00142961 0.999996 0.976379
0.893168 0.449705 0.00407367 64.7853 -0.449707 0.893176 -0.000547683 53.3842 -0.0038848 -0.00134278 0.999992 0.985684
0.890962 0.454016 0.00744037 65.508 -0.454031 0.890986 0.000273789 53.008 -0.00650496 -0.00362209 0.999972 0.996203
0.888063 0.459598 0.0106591 66.2264 -0.459634 0.888108 0.00111529 52.6255 -0.00895388 -0.00588975 0.999943 1.00518
0.884616 0.466183 0.0113023 66.9369 -0.466229 0.884662 0.00172546 52.2375 -0.00919434 -0.00679583 0.999935 1.0125
0.880521 0.473882 0.0108824 67.6391 -0.473936 0.880555 0.0028671 51.8463 -0.00822384 -0.00768208 0.999937 1.01771
0.875687 0.482772 0.0101297 68.3346 -0.482821 0.875714 0.0029231 51.4447 -0.00745955 -0.00745056 0.999944 1.02236
0.87068 0.491739 0.010435 69.0233 -0.491781 0.870717 0.00175286 51.039 -0.00822397 -0.00665791 0.999944 1.02841
0.8653 0.501103 0.0123362 69.7042 -0.501161 0.865352 0.00196827 50.6307 -0.00968888 -0.00788559 0.999922 1.03484
0.859634 0.510755 0.0125957 70.3789 -0.510804 0.859697 0.000765655 50.2126 -0.0104374 -0.00709211 0.99992 1.03744
0.853883 0.520312 0.0126059 71.044 -0.520359 0.853947 0.000536795 49.7897 -0.0104855 -0.00701796 0.99992 1.03996
0.84805 0.529776 0.0121735 71.6995 -0.529824 0.848107 0.000893767 49.3642 -0.00985092 -0.00720776 0.999925 1.04343
0.842287 0.538906 0.0115776 72.3476 -0.538959 0.84233 0.00186268 48.9342 -0.00874834 -0.00780875 0.999931 1.04632
0.836642 0.547649 0.0105071 72.9847 -0.547695 0.836676 0.00194065 48.5008 -0.00772822 -0.0073783 0.999943 1.04879
0.831328 0.555699 0.00961705 73.6106 -0.555737 0.831356 0.00175505 48.0647 -0.00701991 -0.00680358 0.999952 1.05238
0.825912 0.563726 0.00907351 74.2258 -0.563761 0.825937 0.0015821 47.6252 -0.00660227 -0.00642196 0.999958 1.05754
0.820487 0.571596 0.00884968 74.8322 -0.571627 0.820512 0.00125124 47.1861 -0.00654607 -0.00608535 0.99996 1.06156
0.81544 0.578779 0.00848566 75.4271 -0.578801 0.815469 8.59601e-05 46.7439 -0.00687004 -0.0049816 0.999964 1.06682
0.811016 0.584957 0.00883114 76.0129 -0.584966 0.811056 -0.00187593 46.3009 -0.00825989 -0.0036445 0.999959 1.07222
0.807808 0.589382 0.00867291 76.5872 -0.58936 0.807854 -0.00509857 45.8595 -0.0100114 -0.000992799 0.999949 1.07945
0.805348 0.59274 0.00859273 77.1559 -0.592679 0.805392 -0.00871525 45.4188 -0.0120864 0.00192609 0.999925 1.08281
0.803554 0.595168 0.00872433 77.7156 -0.595077 0.803593 -0.0110433 44.9851 -0.0135834 0.00368226 0.999901 1.08466
0.802451 0.596648 0.00906671 78.2624 -0.596544 0.802492 -0.0118776 44.5619 -0.0143627 0.00412247 0.999888 1.08636
0.801807 0.597518 0.00882531 78.7996 -0.59741 0.801843 -0.0122068 44.1458 -0.0143703 0.0045152 0.999887 1.08734
0.802159 0.597064 0.00737066 79.3216 -0.596961 0.802174 -0.0123962 43.7398 -0.0133139 0.00554377 0.999896 1.0882
0.803792 0.594883 0.00574245 79.8309 -0.594787 0.803784 -0.0126595 43.3464 -0.0121466 0.0067601 0.999903 1.08931
0.806624 0.591044 0.00494145 80.3299 -0.590957 0.806609 -0.0123398 42.9683 -0.0112792 0.00703338 0.999912 1.09106
0.811067 0.584934 0.00477193 80.8174 -0.584857 0.811055 -0.0115412 42.6093 -0.0106212 0.00656983 0.999922 1.09373
0.817271 0.576232 0.00489457 81.2938 -0.576163 0.817265 -0.0106769 42.2664 -0.0101526 0.00590589 0.999931 1.09767
0.824868 0.565305 0.00485421 81.7577 -0.565239 0.824862 -0.0103981 41.9422 -0.00988212 0.00583324 0.999934 1.10239
0.834152 0.551519 0.00416128 82.2126 -0.551471 0.834147 -0.00890796 41.6422 -0.00838402 0.00513577 0.999952 1.10675
0.845233 0.534392 0.00236268 82.6679 -0.534368 0.845225 -0.00666431 41.36 -0.00555835 0.00437036 0.999975 1.11476
0.857705 0.514142 0.000253802 83.1238 -0.514137 0.857699 -0.00384318 41.0935 -0.00219362 0.00316582 0.999993 1.12311
0.871652 0.490125 -0.000804 83.5841 -0.490126 0.87165 -0.00188358 40.8397 -0.000222384 0.00203589 0.999998 1.12987
0.887029 0.461714 -0.000495813 84.0506 -0.461715 0.887028 -0.00108784 40.6021 -6.24734e-05 0.00119387 0.999999 1.13692
0.903569 0.42844 0.00130972 84.5227 -0.428437 0.903569 -0.00195541 40.3828 -0.0020212 0.00120572 0.999997 1.14448
0.920583 0.390519 0.00465931 85.002 -0.390511 0.920595 -0.00258072 40.1876 -0.00529715 0.000556252 0.999986 1.15315
0.937074 0.349002 0.00952013 85.4857 -0.348992 0.937122 -0.00276528 40.0181 -0.00988661 -0.000731178 0.999951 1.16145
0.952783 0.303323 0.0141407 85.9769 -0.303339 0.952882 -0.00104164 39.8714 -0.0137904 -0.00329696 0.9999 1.16976
0.967247 0.253282 0.0167878 86.468 -0.253335 0.967378 0.00112241 39.76 -0.0159559 -0.0053386 0.999858 1.17877
0.979909 0.198713 0.0171003 86.9548 -0.198769 0.980045 0.00164964 39.6749 -0.0164312 -0.0050155 0.999852 1.18233
0.990183 0.139008 0.0146313 87.4374 -0.139004 0.990291 -0.00132917 39.6157 -0.014674 -0.000717681 0.999892 1.18575
0.997147 0.0748363 0.00990862 87.9132 -0.0748113 0.997194 -0.00287524 39.5921 -0.010096 0.00212576 0.999947 1.18944
0.999957 0.00835264 0.00403121 88.3847 -0.00832947 0.999949 -0.00573106 39.6008 -0.00407887 0.00569723 0.999975 1.19369
0.998233 -0.059423 -0.00021208 88.8505 0.0594216 0.998224 -0.00423819 39.6498 0.00046355 0.0042181 0.999991 1.19652
0.991856 -0.127315 -0.00353001 89.3099 0.127305 0.991859 -0.00292385 39.7324 0.00387352 0.00245065 0.999989 1.1997
0.980802 -0.194918 -0.00579607 89.7619 0.194896 0.980815 -0.00410918 39.8438 0.00648582 0.00290067 0.999975 1.20456
0.965359 -0.260874 -0.00519441 90.2056 0.260842 0.965362 -0.00617384 39.9835 0.00662508 0.00460505 0.999967 1.21253
0.945643 -0.325204 -0.00100281 90.6394 0.325193 0.94563 -0.00584929 40.1547 0.00285049 0.00520523 0.999982 1.22243
0.921687 -0.3879 0.00526859 91.0598 0.387923 0.921681 -0.00446139 40.3575 -0.00312539 0.00615581 0.999976 1.23372
0.894489 -0.446978 0.0100199 91.4651 0.447017 0.894523 -0.00197804 40.5919 -0.00807887 0.00624839 0.999948 1.24334
0.865052 -0.501445 0.0154429 91.8599 0.501491 0.865162 0.000964941 40.8502 -0.0138445 0.00690976 0.99988 1.24922
0.835033 -0.549892 0.0183836 92.2414 0.549886 0.835219 0.00581752 41.1343 -0.0185533 0.00525106 0.999814 1.25638
0.806082 -0.591504 0.0188457 92.6084 0.591439 0.806295 0.00942449 41.4379 -0.0207698 0.0035492 0.999778 1.2595
0.779605 -0.626058 0.0163748 92.9651 0.625848 0.779773 0.0164056 41.768 -0.0230395 -0.00254172 0.999731 1.25581
0.755764 -0.654731 0.012219 93.3107 0.654506 0.755841 0.0180287 42.1043 -0.0210396 -0.00562805 0.999763 1.24684
0.733915 -0.679172 0.00974195 93.6565 0.678953 0.733946 0.0185945 42.4492 -0.0197789 -0.00703245 0.99978 1.23702
0.717347 -0.696588 0.0133609 94.007 0.696453 0.717471 0.0136905 42.793 -0.0191227 -0.000515616 0.999817 1.23045
