0.480565 -0.87665 0.0232866 0.687383 0.876925 0.48061 -0.00401009 0.55236 -0.0076763 0.0223477 0.999721 0.786151
0.479398 -0.877342 0.0211861 1.15099 0.877577 0.479411 -0.00480263 1.3786 -0.00594329 0.0208948 0.999764 0.807717
0.477849 -0.878213 0.0200825 1.50247 0.878437 0.477798 -0.00760268 2.11569 -0.00291861 0.0212742 0.99977 0.797904
0.476334 -0.879132 0.015335 1.94041 0.879262 0.476303 -0.0058336 2.92135 -0.00217562 0.0162623 0.999866 0.785517
0.475573 -0.879568 0.0138603 2.36662 0.879674 0.47555 -0.00503796 3.68313 -0.00216007 0.0145885 0.999892 0.789667
0.474304 -0.880239 0.014704 2.78478 0.880355 0.474298 -0.00407638 4.51835 -0.00338589 0.0148782 0.999885 0.787958
0.473028 -0.880904 0.015934 3.2295 0.881037 0.473034 -0.00358937 5.33373 -0.00437545 0.0157363 0.999869 0.798089
0.472252 -0.881317 0.0161407 3.63871 0.881451 0.472266 -0.00313659 6.14887 -0.00485838 0.0157085 0.999868 0.797412
0.470537 -0.882225 0.0166269 4.08532 0.882372 0.470533 -0.00429752 6.95861 -0.00403212 0.0166932 0.999856 0.794798
0.469822 -0.882588 0.0175118 4.53278 0.882755 0.469804 -0.00532985 7.77112 -0.00352303 0.0179627 0.999836 0.80905
0.469218 -0.882911 0.0174478 4.96062 0.883071 0.469224 -0.00394896 8.60978 -0.00470033 0.0172606 0.999845 0.810445
0.468829 -0.883121 0.017277 5.38644 0.883254 0.468897 -6.45022e-06 9.42537 -0.00809544 0.015263 0.999856 0.791063
0.469458 -0.88272 0.020364 5.8374 0.882887 0.469583 0.00166589 10.2838 -0.0110331 0.017197 0.999797 0.796408
0.471195 -0.881794 0.0203372 6.29933 0.88192 0.471375 0.00498031 11.1439 -0.013978 0.015589 0.999787 0.789318
0.472463 -0.881022 0.0240368 6.7438 0.881222 0.472685 0.00426371 11.9802 -0.0151183 0.0191672 0.999709 0.770855
0.474159 -0.880086 0.024938 7.1778 0.880337 0.474347 0.00192233 12.813 -0.0135211 0.0210422 0.999695 0.766619
0.475218 -0.879568 0.0229407 7.62677 0.879824 0.475297 -0.00220642 13.6595 -0.00896291 0.0212322 0.999743 0.770222
0.476292 -0.879052 0.0202792 8.08746 0.879266 0.476317 -0.00383603 14.4956 -0.00628717 0.0196577 0.999796 0.779632
0.477187 -0.878637 0.0169368 8.57383 0.878775 0.477236 -0.00122177 15.3563 -0.00700929 0.0154664 0.999866 0.781007
0.477169 -0.878617 0.0184359 9.02984 0.878747 0.477285 0.00228962 16.2337 -0.0108109 0.0151077 0.999838 0.770775
0.476702 -0.878652 0.0268785 9.47375 0.878952 0.476908 0.0014954 17.0806 -0.0141325 0.0229119 0.99965 0.749605
0.475768 -0.878826 0.0361401 9.94168 0.879456 0.47597 -0.00331383 17.8991 -0.0142893 0.0333602 0.999355 0.749539
0.47475 -0.879352 0.0367073 10.4377 0.880051 0.474826 -0.00714898 18.8118 -0.0111431 0.0356983 0.999315 0.757684
0.473412 -0.880088 0.0363556 10.8994 0.880806 0.473359 -0.0105491 19.69 -0.00792498 0.0370162 0.999299 0.7592
0.471654 -0.88117 0.0328118 11.3549 0.88176 0.471585 -0.0102616 20.563 -0.00643122 0.0337719 0.999425 0.752866
0.471081 -0.88149 0.0324478 11.8203 0.882056 0.471066 -0.00850071 21.4413 -0.0077917 0.0326251 0.999455 0.75459
0.469982 -0.882105 0.0316428 12.3081 0.882621 0.47005 -0.00566665 22.3495 -0.00987506 0.0305915 0.999502 0.74485
0.468711 -0.88282 0.0305203 12.7779 0.883275 0.468841 -0.00310452 23.2455 -0.0115685 0.0284126 0.999549 0.749721
0.467213 -0.883542 0.0325155 13.2421 0.884046 0.467391 -0.0022586 24.138 -0.013202 0.0298001 0.99949 0.741607
0.467106 -0.883571 0.0332605 13.7134 0.884044 0.467398 0.00124409 25.01 -0.0166453 0.0288222 0.999469 0.750284
0.466641 -0.88384 0.0325979 14.1835 0.884241 0.467007 0.004336 25.9 -0.0190561 0.0268005 0.999483 0.724258
0.46745 -0.883506 0.0299218 14.6396 0.8838 0.467817 0.00642564 26.8007 -0.0196753 0.0234405 0.999557 0.735374
0.466692 -0.88395 0.0286136 15.1188 0.884226 0.467019 0.00580634 27.7024 -0.0184959 0.0225904 0.9996 0.743728
0.46696 -0.88386 0.026949 15.5466 0.884126 0.467223 0.00425494 28.5407 -0.0163522 0.0218387 0.999655 0.731238
0.466433 -0.884171 0.0257914 16.02 0.884427 0.466658 0.00337337 29.4369 -0.0150186 0.0212364 0.99969 0.725398
0.465512 -0.884576 0.0283853 16.5034 0.884897 0.465768 0.00296765 30.3621 -0.0158463 0.0237358 0.999622 0.730163
0.464584 -0.884991 0.030561 16.9522 0.885354 0.464893 0.00368522 31.2128 -0.0174693 0.0253445 0.999556 0.702407
0.463962 -0.885348 0.0296261 17.3907 0.885711 0.464221 0.00232085 32.0843 -0.0158081 0.0251626 0.99959 0.731538
0.463971 -0.885501 0.0244342 17.8518 0.885772 0.464109 0.000186281 32.9817 -0.0115052 0.0215557 0.999734 0.706525
0.463509 -0.885786 0.0227891 18.3271 0.886036 0.463602 -0.00109991 33.8781 -0.00959086 0.0207007 0.999773 0.690015
0.463463 -0.88575 0.025025 18.7463 0.886032 0.463611 0.000372338 34.7137 -0.0119319 0.0219994 0.999722 0.686449
0.463199 -0.885817 0.0273762 19.2095 0.886115 0.463441 0.00313647 35.5921 -0.0154661 0.0228046 0.999656 0.699095
0.462732 -0.885996 0.0293931 19.6621 0.886349 0.462995 0.00268458 36.4544 -0.0159879 0.0248094 0.999601 0.683786
0.462589 -0.886027 0.0306677 20.1181 0.886424 0.462854 0.0019647 37.3089 -0.015936 0.026275 0.999566 0.700005
0.462621 -0.88593 0.0329024 20.5691 0.886434 0.462837 -0.000975284 38.1724 -0.0143649 0.0296165 0.999498 0.700153
0.461869 -0.886311 0.0331962 20.9958 0.886813 0.462112 -0.000172354 39.0067 -0.0151881 0.0295178 0.999491 0.696043
0.460847 -0.88666 0.0377637 21.4567 0.887293 0.461188 0.000564805 39.888 -0.0179177 0.0332469 0.99933 0.665918
0.459986 -0.886897 0.0424137 21.8889 0.887615 0.460549 0.00423816 40.7151 -0.0232935 0.0356973 0.999136 0.669938
0.458788 -0.887527 0.0422087 22.3278 0.888183 0.459425 0.00654054 41.6226 -0.025198 0.034488 0.999134 0.646219
0.458301 -0.887699 0.0438329 22.7592 0.888481 0.458879 0.00379454 42.453 -0.0234836 0.0372055 0.99908 0.649236
0.456682 -0.888718 0.0398995 23.1688 0.889466 0.456981 -0.00159199 43.265 -0.0168192 0.036216 0.999252 0.65372
0.456592 -0.888984 0.0346473 23.5677 0.889591 0.456718 -0.00436821 44.0664 -0.0119412 0.0328159 0.999442 0.653953
0.455415 -0.889757 0.02999 23.9792 0.8902 0.455546 -0.00237181 44.8767 -0.0115519 0.0277763 0.999601 0.646572
0.454723 -0.890205 0.027015 24.3999 0.890526 0.45491 0.00130657 45.7119 -0.0134531 0.0234621 0.999689 0.638741
0.453338 -0.89092 0.0267315 24.8281 0.891202 0.453573 0.00360459 46.5344 -0.0153369 0.0221877 0.999693 0.643313
0.452638 -0.891283 0.0264614 25.1929 0.891559 0.452871 0.00369968 47.2582 -0.0152819 0.0219159 0.999701 0.64317
0.450835 -0.892224 0.0255327 25.5741 0.892461 0.451078 0.00490212 48.0699 -0.015892 0.0205753 0.999722 0.638721
0.449926 -0.892691 0.0252033 25.9509 0.892914 0.450175 0.00549106 48.8334 -0.0162488 0.0200321 0.999729 0.633995
0.448482 -0.89342 0.0251333 26.3022 0.89363 0.448744 0.00623118 49.5398 -0.0168466 0.0196636 0.999728 0.62948
0.447389 -0.893992 0.0242276 26.6791 0.894166 0.447657 0.00734599 50.2617 -0.0174141 0.0183751 0.999745 0.623366
0.446454 -0.894459 0.0242658 27.0515 0.894587 0.446767 0.00986666 51.0539 -0.019668 0.0173009 0.999724 0.607205
0.445296 -0.895 0.0255562 27.3778 0.895078 0.445695 0.0132905 51.7622 -0.0232871 0.0169545 0.999654 0.59959
0.443725 -0.895819 0.024123 27.7142 0.895802 0.444137 0.0163165 52.4247 -0.0253327 0.0143671 0.999647 0.574577
0.442765 -0.896312 0.0234118 28.0401 0.896339 0.443128 0.0141229 53.089 -0.0230349 0.0147294 0.999699 0.614796
0.441622 -0.896994 0.0183441 28.3711 0.897036 0.441828 0.00996191 53.7512 -0.0170421 0.0120533 0.999856 0.618311
0.440351 -0.897698 0.0139087 28.6556 0.897753 0.440446 0.00561481 54.3856 -0.0111674 0.0100113 0.999964 0.609906
0.440066 -0.897858 0.0125104 28.9983 0.897914 0.440135 0.00434295 55.0426 -0.00940643 0.00931912 0.99999 0.604784
0.439608 -0.898102 0.0109952 29.2923 0.898109 0.439688 0.0077853 55.6574 -0.0118276 0.00644912 0.999988 0.606527
0.43865 -0.898557 0.0120488 29.5717 0.898533 0.438762 0.0105665 56.2417 -0.0147827 0.00618796 0.999952 0.612565
0.437208 -0.899215 0.0150035 29.8158 0.899287 0.437313 0.0052268 56.7983 -0.0112625 0.0112045 0.999956 0.62263
0.437361 -0.899111 0.0166495 30.1213 0.89925 0.43742 0.000414432 57.3692 -0.00765644 0.0147885 0.999945 0.629099
0.438546 -0.898512 0.0178216 30.3981 0.8987 0.43852 -0.00509945 57.9084 -0.00323382 0.0182506 0.999913 0.642498
0.441068 -0.897299 0.0166189 30.6445 0.897466 0.44104 -0.00509253 58.4391 -0.0027607 0.0171589 0.999934 0.636264
0.444717 -0.895542 0.0139478 30.9109 0.895657 0.44473 -0.00183989 58.9884 -0.00455621 0.0133081 0.999988 0.647363
0.449033 -0.893345 0.0163885 31.1426 0.893482 0.449086 1.44614e-05 59.4696 -0.00737409 0.0146339 0.999953 0.630265
0.453695 -0.890882 0.0212719 31.3916 0.891081 0.453828 0.00197744 59.945 -0.0114173 0.0180558 0.99986 0.639095
0.460506 -0.887273 0.025377 31.6739 0.887528 0.460727 0.00363661 60.4361 -0.0149208 0.0208463 0.999761 0.641992
0.469765 -0.882457 0.0235378 31.9292 0.882647 0.469994 0.00534309 60.8908 -0.0157801 0.0182635 0.9998 0.660468
0.482158 -0.875838 0.0198598 32.1494 0.875928 0.482369 0.00772699 61.3429 -0.0163499 0.0136674 0.999865 0.66919
0.498831 -0.866548 0.0149962 32.3488 0.866528 0.498996 0.0110183 61.7447 -0.0170335 0.0074949 0.99992 0.657779
0.517651 -0.855431 0.0153982 32.6053 0.855394 0.51783 0.0119035 62.1351 -0.018159 0.00700615 0.999905 0.657259
0.539641 -0.841654 0.0191465 32.887 0.841671 0.539878 0.010481 62.5199 -0.0191609 0.0104559 0.999858 0.645998
0.564514 -0.825124 0.0213427 33.0914 0.825133 0.564808 0.0115915 62.8903 -0.021622 0.0110639 0.999802 0.649762
0.591236 -0.80616 0.0224786 33.3736 0.806141 0.59157 0.0129714 63.2605 -0.0237579 0.0104486 0.999761 0.654905
0.621261 -0.783211 0.0239425 33.6344 0.783165 0.621642 0.0141019 63.5938 -0.0259318 0.00998669 0.999713 0.644329
0.653453 -0.756536 0.0246923 33.9072 0.75647 0.653856 0.0145369 63.9374 -0.0271463 0.00917631 0.99969 0.638012
0.687339 -0.725879 0.0249141 34.1694 0.725782 0.687749 0.0150603 64.2209 -0.02807 0.00772694 0.999678 0.627442
0.723 -0.690427 0.0231245 34.4588 0.690278 0.723359 0.015863 64.5162 -0.0276827 0.00448914 0.99971 0.622917
0.759918 -0.6496 0.0222824 34.7369 0.649454 0.760243 0.0149847 64.7488 -0.0266769 0.00307975 0.999744 0.62753
0.796514 -0.60418 0.0219702 35.0169 0.604031 0.796821 0.0144113 64.9806 -0.0262159 0.00178723 0.999761 0.616709
0.832026 -0.554277 0.0214399 35.3363 0.554113 0.832309 0.0142492 65.209 -0.0257448 1.95685e-05 0.999776 0.617702
0.865814 -0.49989 0.0205813 35.6994 0.499734 0.866066 0.0133506 65.3455 -0.0245004 -0.00127906 0.999808 0.590831
0.896558 -0.442397 0.0204274 36.0512 0.442285 0.896799 0.0108066 65.5195 -0.0231015 -0.000658906 0.999843 0.590185
0.923277 -0.383535 0.0201715 36.4421 0.383405 0.923505 0.0109569 65.6104 -0.022832 -0.00238751 0.999848 0.594093
0.945874 -0.323696 0.0221166 36.8094 0.323542 0.946138 0.0111543 65.708 -0.024537 -0.00340007 0.999806 0.605583
0.964434 -0.263115 0.0241285 37.1838 0.262908 0.964734 0.012177 65.8278 -0.0264826 -0.00540568 0.999749 0.599181
0.979091 -0.201632 0.0258287 37.5585 0.201399 0.979425 0.0120315 65.8758 -0.0277243 -0.00658344 0.999709 0.565932
0.989607 -0.141302 0.0255211 37.9338 0.141126 0.989937 0.0092904 65.8878 -0.0265777 -0.00559728 0.999747 0.553624
0.996176 -0.0830103 0.0261141 38.3441 0.0829054 0.996529 0.00575169 65.8782 -0.0265014 -0.00356936 0.99976 0.556341
0.999262 -0.0269431 0.0261756 38.7089 0.0267881 0.999605 0.00691424 65.8854 -0.0263518 -0.00621289 0.999752 0.576199
0.999229 0.0286816 0.0255432 39.108 -0.0289377 0.999515 0.0103789 65.8777 -0.0252331 -0.0111157 0.99974 0.574102
0.996504 0.0795239 0.0242723 39.5114 -0.0797935 0.996737 0.0110449 65.8 -0.0233142 -0.0129488 0.999765 0.559763
0.991703 0.126307 0.022437 39.9031 -0.126446 0.991944 0.00562653 65.7519 -0.0215446 -0.00842171 0.999855 0.494265
0.985284 0.169148 0.0230923 40.2751 -0.169009 0.985573 -0.00721977 65.6399 -0.0239798 0.00320806 0.999831 0.475067
0.97802 0.206817 0.0251031 40.6578 -0.206542 0.978341 -0.0125842 65.5687 -0.0271619 0.00712097 0.999731 0.499953
0.970233 0.24079 0.0243694 41.0676 -0.240615 0.970559 -0.00936369 65.4531 -0.0259062 0.00321885 0.999786 0.532357
0.962012 0.271911 0.0228354 41.4513 -0.27198 0.962285 0.000590312 65.3774 -0.0218124 -0.00678287 0.999868 0.580579
0.95369 0.299911 0.021223 41.8584 -0.300099 0.953863 0.00697993 65.2652 -0.0181486 -0.013031 0.999881 0.543313
0.945401 0.325178 0.0199095 42.2254 -0.325354 0.945545 0.00705435 65.1149 -0.0165292 -0.013152 0.99991 0.517526
0.937327 0.348025 0.0147012 42.6173 -0.348068 0.937445 0.00142977 64.9522 -0.0132811 -0.00646094 1.00003 0.492063
0.929295 0.369151 0.00747441 42.9665 -0.369134 0.92935 -0.00184584 64.8096 -0.00762379 -0.00104633 1.00011 0.510826
0.921547 0.388156 0.00123641 43.3198 -0.388142 0.921573 -0.000578876 64.6519 -0.00135895 5.12471e-05 1.00014 0.497741
0.914639 0.404159 0.00190131 43.7855 -0.404149 0.914662 0.00233664 64.4957 -0.000789432 -0.00290848 1.00013 0.506855
0.908229 0.418318 0.00638949 44.2016 -0.41833 0.908259 0.00338028 64.2784 -0.00438486 -0.00574642 1.00011 0.49038
0.901964 0.431619 0.00859969 44.6115 -0.431633 0.902016 0.00160387 64.0595 -0.00706102 -0.0051618 1.0001 0.499237
0.896248 0.443328 0.0102818 45.0351 -0.443338 0.89632 6.92269e-06 63.861 -0.00920947 -0.00456761 1.00009 0.492181
0.891045 0.453718 0.00910169 45.4861 -0.453691 0.891115 -0.00357879 63.6188 -0.00973136 -0.000942758 1.0001 0.496314
0.885986 0.463553 0.0070024 45.9395 -0.4635 0.886034 -0.00649746 63.3664 -0.00921318 0.00250959 1.0001 0.492278
0.882176 0.470766 0.00656158 46.4215 -0.470714 0.88222 -0.00649895 63.1302 -0.00884514 0.00264317 1.0001 0.490497
0.879063 0.47656 0.00601124 46.9279 -0.476502 0.879097 -0.00746499 62.9005 -0.00883896 0.00369664 1.0001 0.488536
0.877219 0.479962 0.00435448 47.3717 -0.479907 0.877238 -0.00784808 62.5716 -0.00758346 0.00479379 1.00011 0.489082
0.874606 0.484705 0.00420771 47.8421 -0.484653 0.874625 -0.00747088 62.2613 -0.00729813 0.00449376 1.00011 0.481076
0.872266 0.48891 0.00320264 48.3868 -0.488853 0.87227 -0.00879698 62.003 -0.00709131 0.00610702 1.0001 0.481215
0.870747 0.491607 0.00327753 48.9414 -0.491549 0.870751 -0.00882488 61.6608 -0.00718921 0.00607246 1.0001 0.479791
0.869168 0.494387 0.00378047 49.4998 -0.494332 0.869179 -0.007997 61.3298 -0.00723656 0.00508094 1.00011 0.479882
0.868093 0.496275 0.00292252 50.0595 -0.496208 0.868083 -0.0103081 61.0143 -0.00764988 0.00749781 1.00009 0.463998
0.867774 0.496837 0.00169609 50.6852 -0.49676 0.86773 -0.0128956 60.6701 -0.00787617 0.0103483 1.00007 0.450186
0.867951 0.496521 0.00260652 51.2807 -0.496437 0.867915 -0.0126681 60.3275 -0.00854989 0.0097014 1.00007 0.456256
0.86916 0.494405 0.00151474 51.9153 -0.494313 0.869089 -0.0148659 59.9495 -0.00866402 0.0121728 1.00004 0.460066
0.871218 0.490768 -0.000431109 52.5599 -0.490678 0.871086 -0.0179546 59.5893 -0.00843384 0.0158556 0.99999 0.444982
0.87339 0.486889 -0.00133816 53.1832 -0.486798 0.873217 -0.0198541 59.201 -0.00849614 0.0179939 0.999954 0.427096
0.875128 0.483759 0.000619396 53.847 -0.483649 0.874997 -0.0182906 58.8774 -0.00938847 0.0157085 0.999985 0.428573
0.877059 0.480246 0.00123084 54.5283 -0.480112 0.876909 -0.0197011 58.4953 -0.0105394 0.0166897 0.999959 0.416183
0.879197 0.4763 0.00427541 55.2463 -0.476143 0.879109 -0.0177954 58.1339 -0.0122337 0.0136106 0.999987 0.401883
0.881135 0.472672 0.00693933 55.9533 -0.472506 0.881103 -0.015889 57.7918 -0.0136243 0.0107212 1 0.397967
0.883199 0.468805 0.00664807 56.641 -0.468632 0.883152 -0.0167587 57.4157 -0.0137277 0.0116857 0.999993 0.40217
0.884944 0.465516 0.00544758 57.3779 -0.465413 0.884929 -0.011883 57.0169 -0.0103514 0.00797923 1.00007 0.419418
0.885411 0.464649 0.00271703 58.0915 -0.464598 0.885403 -0.00754288 56.6459 -0.00590812 0.00541426 1.00013 0.41285
0.885505 0.464475 0.00119073 58.8251 -0.46444 0.885496 -0.00578888 56.2615 -0.00374025 0.00457082 1.00014 0.413682
0.885674 0.464118 0.00541058 59.5557 -0.464107 0.885688 0.000589574 55.9064 -0.00451585 -0.00303788 1.00014 0.414853
0.885534 0.464382 0.00556426 60.2986 -0.464365 0.88555 -0.000761503 55.5525 -0.00527878 -0.00191378 1.00014 0.428037
0.885484 0.464472 0.00576824 61.0301 -0.464443 0.885503 -0.00262887 55.159 -0.00632697 -0.000354977 1.00014 0.421932
0.885523 0.464359 0.008244 61.7416 -0.464358 0.88555 0.000618835 54.7787 -0.00701156 -0.00438123 1.00012 0.427529
0.885761 0.463903 0.00815671 62.5164 -0.463904 0.885785 0.000899447 54.3852 -0.0068063 -0.00458577 1.00012 0.431475
0.885935 0.463572 0.00797199 63.2413 -0.463579 0.88595 0.00209183 54.0434 -0.0060914 -0.00555433 1.00012 0.426061
0.885309 0.464764 0.0079737 63.9574 -0.464777 0.885317 0.00305959 53.656 -0.00563553 -0.00642041 1.00012 0.44499
0.884184 0.466891 0.00845878 64.6439 -0.466908 0.884192 0.00325213 53.2978 -0.00595925 -0.00683081 1.00012 0.437891
0.88258 0.469879 0.010172 65.4166 -0.469922 0.882582 0.00524763 52.9087 -0.00651059 -0.00941821 1.00009 0.446866
0.879759 0.475074 0.0128386 66.1564 -0.475145 0.879778 0.00531854 52.4929 -0.00876796 -0.0107864 1.00006 0.445307
0.877437 0.479253 0.0160087 66.8884 -0.479373 0.877471 0.00651372 52.0894 -0.0109259 -0.0133975 1.00001 0.448274
0.873933 0.485619 0.0158151 67.6239 -0.485733 0.873967 0.00621504 51.7023 -0.0108041 -0.0131213 1.00001 0.441787
0.869484 0.49355 0.0154212 68.3497 -0.493664 0.869507 0.00662226 51.2809 -0.0101407 -0.0133788 1.00002 0.464241
0.864145 0.502878 0.0140626 69.0406 -0.502956 0.864175 0.00471416 50.9 -0.0097821 -0.0111537 1.00005 0.461241
0.858892 0.511738 0.0161026 69.7196 -0.511852 0.858928 0.00580976 50.5094 -0.0108585 -0.0132399 1.00001 0.462148
0.852987 0.521472 0.0175689 70.4137 -0.521616 0.853025 0.0066551 50.1274 -0.0115172 -0.0148492 0.99998 0.4697
0.847128 0.530939 0.017461 71.0932 -0.531061 0.847187 0.00486437 49.6871 -0.0122113 -0.0134014 0.999993 0.482172
0.840781 0.540936 0.0173397 71.7897 -0.541067 0.840825 0.00565298 49.257 -0.0115228 -0.0141428 0.999991 0.503815
0.834947 0.54991 0.0169247 72.4001 -0.550027 0.834994 0.00495176 48.8655 -0.01141 -0.0134512 1 0.465799
0.82934 0.558326 0.0169995 73.0324 -0.558461 0.829364 0.00646691 48.4197 -0.0104889 -0.0148649 0.999993 0.481258
0.82385 0.566421 0.0160931 73.7053 -0.566544 0.823861 0.00654084 47.9815 -0.00955412 -0.0145141 1.00001 0.479681
0.818197 0.57459 0.0148262 74.3022 -0.574685 0.81821 0.00534711 47.568 -0.00905894 -0.0129027 1.00003 0.471893
0.812694 0.582328 0.0155092 74.9393 -0.582449 0.812684 0.00729242 47.1246 -0.00835768 -0.0149678 1.00001 0.473304
0.807063 0.590121 0.0149499 75.5444 -0.590231 0.807051 0.00690577 46.677 -0.0079902 -0.014405 1.00002 0.48203
0.801686 0.597383 0.0157337 76.1459 -0.597507 0.801674 0.00726529 46.205 -0.00827338 -0.0152335 1.00001 0.47074
0.797248 0.603311 0.0149817 76.7316 -0.603398 0.797268 0.00427922 45.7536 -0.00936346 -0.0124584 1.00004 0.495053
0.793993 0.607571 0.0155682 77.3129 -0.607648 0.794039 0.00245145 45.3285 -0.0108737 -0.0114129 1.00004 0.504768
0.791629 0.610575 0.0181807 77.8836 -0.610672 0.791716 0.0015799 44.8712 -0.0134317 -0.0123599 0.999996 0.506186
0.789886 0.612837 0.0178182 78.4682 -0.612882 0.790003 -0.00178092 44.4314 -0.0151711 -0.00951944 1 0.508086
0.788899 0.614114 0.0175171 79.0043 -0.614132 0.789025 -0.00342107 44.0145 -0.015926 -0.00806406 1.00001 0.519517
0.788808 0.614262 0.0163213 79.5464 -0.614257 0.788921 -0.00436429 43.6227 -0.0155605 -0.00658737 1.00002 0.513291
0.78913 0.613855 0.0160043 80.0693 -0.613859 0.789232 -0.00359789 43.2057 -0.014843 -0.00698989 1.00003 0.497315
0.791042 0.611441 0.0137901 80.5839 -0.61141 0.79112 -0.00524002 42.7952 -0.0141167 -0.00428992 1.00006 0.509994
0.794535 0.606893 0.0138584 81.0865 -0.606879 0.794606 -0.00401184 42.4059 -0.0134497 -0.00522683 1.00007 0.506105
0.798981 0.601047 0.0128734 81.5821 -0.601037 0.799036 -0.00331659 42.0207 -0.0122822 -0.00509143 1.00008 0.510166
0.806058 0.59152 0.0129481 81.992 -0.59151 0.806112 -0.00337716 41.695 -0.012438 -0.00494068 1.00008 0.509455
0.814073 0.580421 0.0137457 82.527 -0.580446 0.81412 -0.000884576 41.3513 -0.0117066 -0.00726347 1.00008 0.512362
0.823541 0.566939 0.0123583 82.9911 -0.566972 0.823559 0.000884906 41.0455 -0.00967786 -0.00774072 1.0001 0.514446
0.835387 0.549372 0.0105485 83.4765 -0.549403 0.835378 0.00228518 40.7402 -0.00755759 -0.00770959 1.00012 0.517128
0.848649 0.528686 0.00874138 83.9192 -0.528717 0.848611 0.00442406 40.4685 -0.00507917 -0.00838172 1.00013 0.518153
0.862848 0.505189 0.00819221 84.4174 -0.50523 0.862775 0.00782918 40.2281 -0.00311218 -0.010901 1.00011 0.532912
0.8788 0.476896 0.00842123 84.8842 -0.476941 0.878729 0.00765108 39.9967 -0.003751 -0.0107469 1.00011 0.541359
0.896377 0.44297 0.00868488 85.4255 -0.443017 0.896315 0.00692832 39.7469 -0.00471573 -0.0100643 1.00012 0.522052
0.914088 0.405103 0.0112019 85.8863 -0.405174 0.914048 0.00636309 39.5541 -0.00766325 -0.0103618 1.0001 0.518369
0.931593 0.362862 0.0159892 86.3946 -0.362982 0.93161 0.0059213 39.3995 -0.0127514 -0.0113271 1.00004 0.516773
0.947944 0.317508 0.0195312 86.924 -0.317693 0.947997 0.0075554 39.3135 -0.0161226 -0.013375 0.999963 0.505064
0.96309 0.267832 0.0226417 87.4353 -0.268089 0.963184 0.00934918 39.2121 -0.0193116 -0.0150829 0.999883 0.497277
0.976672 0.213076 0.0223609 87.9348 -0.213335 0.976765 0.00992999 39.1829 -0.0197335 -0.0144773 0.999885 0.483573
0.987848 0.153319 0.0209988 88.4305 -0.153502 0.987958 0.00731 39.1568 -0.0196333 -0.0104513 0.999938 0.518509
0.995882 0.0879139 0.0167901 88.9738 -0.0880246 0.995939 0.00564395 39.168 -0.0162326 -0.00710396 1.00003 0.544542
0.999624 0.0198355 0.012279 89.462 -0.0198896 0.999632 0.00358417 39.1409 -0.0122086 -0.00383089 1.00011 0.540902
0.998677 -0.0489931 0.0060777 89.929 0.0489524 0.998625 0.00475932 39.2107 -0.00630525 -0.00445965 1.00016 0.525911
0.992836 -0.11853 0.00447017 90.3908 0.118489 0.992773 0.00558312 39.3112 -0.00510203 -0.00501785 1.00016 0.522831
0.982234 -0.187092 0.00248602 90.8305 0.187058 0.982165 0.00519473 39.4267 -0.00341542 -0.00464161 1.00017 0.511849
0.966845 -0.254952 0.00197822 91.2785 0.254924 0.966784 0.00275473 39.5448 -0.00261652 -0.00216212 1.00018 0.49568
0.947146 -0.32044 0.00518523 91.7347 0.320396 0.947097 0.00403857 39.7556 -0.00620859 -0.00216677 1.00017 0.52555
0.923204 -0.383891 0.0107604 92.1426 0.383826 0.923206 0.0054575 39.9545 -0.0120356 -0.00091061 1.00012 0.513658
0.895755 -0.444052 0.0153071 92.5509 0.443955 0.895827 0.00765086 40.185 -0.0171189 -5.95039e-05 1.00005 0.534914
0.865753 -0.499863 0.0200238 92.9258 0.49969 0.865927 0.0118066 40.4461 -0.0232529 -0.0002178 0.999924 0.497409
0.835731 -0.548488 0.0225119 93.3474 0.548254 0.835978 0.014779 40.7362 -0.0269396 -1.08001e-05 0.999832 0.500943
0.806521 -0.59055 0.0238109 93.6487 0.590212 0.806816 0.0188883 40.9744 -0.0303812 -0.00118253 0.999734 0.519457
0.779426 -0.625932 0.0222623 94.0111 0.625443 0.779674 0.0242437 41.2726 -0.0325492 -0.00497638 0.999655 0.506006
0.755579 -0.65464 0.0183664 94.3608 0.654121 0.755709 0.0262461 41.6076 -0.0310777 -0.0078224 0.999684 0.490427
0.735906 -0.676781 0.0140979 94.6791 0.676348 0.735939 0.024633 42.043 -0.0270609 -0.0085981 0.999795 0.437217
0.719535 -0.694092 0.0171454 94.9896 0.69373 0.719679 0.0214627 42.3251 -0.0272509 -0.00355198 0.999822 0.445723
